0,384
0,549
0,547
0,546
105,36
105,35
28,3
10,94
10,70
10,189
10,301
10,123
10,152
10,116
10,212
10,2
10,3
11,23
11,10
11,12
11,16
11,5
11,27
11,2
11,3
8,8
8,18
8,15
8,9
8,17
8,2
8,3
0,318
12,2
12,1
12,3
19,2
19,1
19,3
94,6
94,5
94,4
94,3
94,2
94,1
94,0
69,7
69,6
69,4
69,3
69,1
67,5
67,4
67,3
67,1
41,10
41,8
41,7
41,6
41,3
41,1
38,6
38,3
38,1
36,12
36,11
36,10
36,9
36,8
36,7
36,6
36,5
36,4
36,3
36,2
36,1
35,15
35,13
35,12
35,10
35,9
35,8
35,5
35,3
35,1
34,8
34,7
34,6
34,4
34,3
34,1
33,191
33,190
33,189
33,188
33,187
33,186
33,185
33,184
33,183
33,182
33,181
33,180
33,179
33,174
33,173
33,172
33,171
33,170
33,169
33,168
33,167
33,166
33,165
33,164
33,157
33,148
33,147
33,146
33,145
33,144
33,143
33,129
18,1
33,89
18,3
33,26
33,10
14,4
14,3
33,5
13,1
33,1
13,3
33,4
33,3
27,3
27,1
25,4
